index,prediction,language,error
8795,0,es,
75813,1,es,
22448,0,es,
58522,1,es,
96610,0,es,
48116,0,es,
55244,0,es,
54027,1,es,
57049,1,es,
87249,0,es,
110612,0,es,
128238,1,es,
58583,1,es,
45713,0,es,
195103,1,es,
175860,1,es,
107533,1,es,
33259,1,es,
14172,1,es,
3286,1,es,
184363,1,es,
180118,0,es,
175682,1,es,
107865,0,es,
175184,0,es,
21080,1,es,
3748,0,es,
109429,0,es,
75321,1,es,
162034,0,es,
110233,1,es,
86390,1,es,
24782,1,es,
93455,1,es,
40473,1,es,
91256,0,es,
92652,1,es,
163628,0,es,
121399,0,es,
127340,0,es,
110512,1,es,
115010,1,es,
82416,1,es,
14659,1,es,
164899,0,es,
150217,1,es,
23107,1,es,
91224,0,es,
41995,0,es,
10716,1,es,
138624,0,es,
181620,1,es,
117330,1,es,
173647,0,es,
75573,0,es,
158397,1,es,
98520,1,es,
18271,1,es,
28870,1,es,
201946,0,es,
50703,0,es,
173797,1,es,
107579,0,es,
136339,0,es,
82043,1,es,
78513,0,es,
92758,0,es,
43878,0,es,
201965,1,es,
28852,1,es,
131403,0,es,
131846,1,es,
135694,0,es,
5137,1,es,
153871,0,es,
72594,0,es,
3922,0,es,
196729,0,es,
118347,0,es,
13804,0,es,
48299,1,es,
98011,1,es,
6390,1,es,
156670,0,es,
3263,0,es,
206804,0,es,
163828,1,es,
120762,1,es,
41830,0,es,
194898,0,es,
149728,0,es,
165497,0,es,
191642,1,es,
176727,1,es,
63159,1,es,
30700,0,es,
51581,1,es,
80461,1,es,
180270,1,es,
190642,1,es,
60276,0,es,
105987,0,es,
68721,0,es,
133430,1,es,
77325,1,es,
191127,1,es,
60616,0,es,
155671,0,es,
147221,0,es,
165220,0,es,
209189,1,es,
113285,0,es,
107115,0,es,
180906,1,es,
101699,1,es,
179145,0,es,
59882,0,es,
111564,1,es,
36342,1,es,
210831,0,es,
13383,1,es,
91603,0,es,
73374,1,es,
55524,0,es,
115913,1,es,
136728,0,es,
110487,1,es,
145414,0,es,
182034,0,es,
92201,0,es,
82959,1,es,
90249,1,es,
213339,0,es,
188559,1,es,
50620,0,es,
204618,0,es,
11826,1,es,
43685,0,es,
9477,1,es,
140493,1,es,
716,1,es,
205655,0,es,
197030,0,es,
201826,1,es,
177481,1,es,
44652,0,es,
123982,1,es,
24961,1,es,
140817,0,es,
171358,0,es,
63037,1,es,
191331,1,es,
1500,1,es,
184605,0,es,
22124,0,es,
69043,1,es,
125172,1,es,
45085,1,es,
44988,0,es,
82565,0,es,
183694,1,es,
199842,0,es,
137171,0,es,
113257,1,es,
156176,1,es,
42887,1,es,
8460,0,es,
175504,1,es,
203138,0,es,
145716,0,es,
2334,1,es,
124631,1,es,
118626,0,es,
103324,0,es,
119145,0,es,
177360,1,es,
119390,0,es,
138513,0,es,
204856,0,es,
159239,0,es,
8379,1,es,
155712,1,es,
177580,0,es,
168078,1,es,
59575,1,es,
87698,1,es,
165386,1,es,
76112,1,es,
102711,1,es,
19137,1,es,
150122,1,es,
43106,0,es,
127813,1,es,
165055,0,es,
110225,1,es,
93238,0,es,
201396,0,es,
213193,0,es,
127871,1,es,
147021,1,es,
71285,0,es,
10626,0,es,
157781,0,es,
92950,1,es,
202387,0,es,
185481,1,es,
93303,0,es,
130643,1,es,
7453,1,es,
30437,1,es,
137515,0,es,
46028,0,es,
113944,0,es,
148778,0,es,
98354,1,es,
125677,1,es,
96108,0,es,
185755,1,es,
180779,1,es,
126092,1,es,
144157,1,es,
9885,0,es,
188037,0,es,
50836,0,es,
162365,1,es,
145645,0,es,
63972,0,es,
147376,0,es,
74258,0,es,
173803,1,es,
101750,0,es,
156101,1,es,
70090,1,es,
64235,0,es,
169341,1,es,
47418,0,es,
137476,0,es,
49128,0,es,
47203,0,es,
81030,0,es,
13077,0,es,
33271,1,es,
106026,0,es,
180766,0,es,
40056,0,es,
1024,0,es,
65032,0,es,
207401,1,es,
118908,0,es,
60775,0,es,
16430,1,es,
115777,1,es,
24449,0,es,
72307,1,es,
117205,1,es,
59204,0,es,
172123,0,es,
211000,0,es,
136349,0,es,
60802,0,es,
142151,1,es,
138644,1,es,
28639,0,es,
148800,0,es,
191953,0,es,
190055,1,es,
133785,0,es,
113977,1,es,
199477,0,es,
134185,1,es,
31119,1,es,
176279,1,es,
7223,1,es,
47450,0,es,
12722,0,es,
161921,1,es,
155342,0,es,
171670,0,es,
179436,0,es,
190897,0,es,
98910,1,es,
141690,1,es,
154992,1,es,
84699,1,es,
60542,1,es,
205220,0,es,
161613,1,es,
206337,1,es,
9870,0,es,
62063,1,es,
149721,1,es,
1745,0,es,
172363,0,es,
154027,0,es,
127869,1,es,
124594,1,es,
46570,0,es,
4603,1,es,
61818,1,es,
185162,1,es,
23214,1,es,
111004,1,es,
133184,1,es,
11234,0,es,
194435,1,es,
36419,0,es,
204581,1,es,
47710,1,es,
122273,0,es,
49362,1,es,
150453,1,es,
115191,0,es,
81005,1,es,
173564,1,es,
194006,1,es,
126244,1,es,
124277,1,es,
92771,1,es,
169095,0,es,
193037,1,es,
89270,1,es,
86351,0,es,
191345,1,es,
135427,1,es,
210600,0,es,
36459,0,es,
101118,0,es,
142920,0,es,
54602,1,es,
117110,0,es,
97253,0,es,
68885,1,es,
99730,0,es,
48782,1,es,
73787,1,es,
121894,0,es,
186554,0,es,
147041,0,es,
147341,1,es,
141728,0,es,
170007,1,es,
156458,0,es,
6170,0,es,
136622,0,es,
36346,1,es,
11116,1,es,
207706,0,es,
161303,0,es,
89067,0,es,
91985,0,es,
158985,0,es,
91858,0,es,
193768,0,es,
90693,1,es,
166374,0,es,
153326,1,es,
207830,0,es,
207639,1,es,
109895,1,es,
18668,0,es,
124664,1,es,
210659,0,es,
112919,0,es,
168747,1,es,
17576,0,es,
54692,0,es,
213282,0,es,
71544,0,es,
18579,0,es,
75424,0,es,
82997,1,es,
175319,0,es,
126510,1,es,
49081,0,es,
98086,1,es,
107851,1,es,
92990,0,es,
2595,1,es,
114315,1,es,
136921,1,es,
151300,1,es,
19419,0,es,
138741,1,es,
137809,0,es,
2367,0,es,
90413,1,es,
22120,0,es,
91365,1,es,
132458,1,es,
151687,0,es,
110035,0,es,
191139,1,es,
160397,1,es,
2262,1,es,
89673,0,es,
162982,0,es,
192724,0,es,
173423,1,es,
109267,1,es,
119708,1,es,
25176,0,es,
184580,1,es,
67929,0,es,
85284,1,es,
198231,1,es,
93363,1,es,
180315,1,es,
54289,0,es,
88504,0,es,
19497,0,es,
194288,1,es,
25932,1,es,
41060,1,es,
7195,0,es,
60155,0,es,
139485,1,es,
50588,0,es,
144359,0,es,
96444,0,es,
63948,0,es,
84972,1,es,
27788,0,es,
31336,0,es,
121683,0,es,
149944,1,es,
89410,1,es,
116137,1,es,
70518,1,es,
72808,1,es,
153988,1,es,
150902,0,es,
146301,1,es,
7317,1,es,
150640,0,es,
195071,0,es,
72499,1,es,
185683,1,es,
169892,0,es,
148934,1,es,
31541,1,es,
191229,1,es,
169118,0,es,
18701,0,es,
35243,1,es,
40327,0,es,
43717,1,es,
125220,0,es,
14022,1,es,
135736,1,es,
94274,1,es,
114176,0,es,
67181,0,es,
199264,0,es,
51469,1,es,
126936,0,es,
93467,1,es,
114726,0,es,
89557,0,es,
60750,0,es,
129497,0,es,
186822,0,es,
32953,1,es,
166119,1,es,
212348,1,es,
68871,1,es,
46903,0,es,
161250,0,es,
34155,1,es,
72681,1,es,
198072,1,es,
43565,0,es,
213806,1,es,
96740,0,es,
61949,1,es,
71115,0,es,
50528,0,es,
35597,1,es,
69683,0,es,
147372,0,es,
33445,1,es,
32271,0,es,
78893,0,es,
95526,0,es,
167570,0,es,
81499,1,es,
186659,0,es,
161838,1,es,
2000,0,es,
177408,0,es,
2717,0,es,
31754,0,es,
156711,1,es,
158298,0,es,
175379,1,es,
92615,0,es,
142954,0,es,
63359,0,es,
78671,0,es,
62351,0,es,
154302,1,es,
197837,1,es,
66352,1,es,
156074,0,es,
166570,1,es,
150296,0,es,
198220,0,es,
150423,1,es,
55012,0,es,
25166,1,es,
58521,0,es,
47576,1,es,
99113,1,es,
114247,0,es,
188864,1,es,
111475,0,es,
75730,0,es,
87686,1,es,
61761,1,es,
134162,0,es,
130102,0,es,
48561,0,es,
191975,1,es,
55793,1,es,
28981,0,es,
93849,1,es,
174807,0,es,
133342,0,es,
112440,0,es,
136687,0,es,
136245,0,es,
132324,0,es,
19194,0,es,
166008,0,es,
63586,0,es,
208492,1,es,
197903,0,es,
146256,1,es,
9056,0,es,
60308,0,es,
83399,1,es,
8664,0,es,
93798,1,es,
133379,1,es,
73682,0,es,
76261,0,es,
47908,1,es,
71648,0,es,
22189,0,es,
54379,0,es,
64673,1,es,
68654,0,es,
42590,0,es,
117525,0,es,
9643,1,es,
191659,0,es,
24431,0,es,
103397,0,es,
209356,1,es,
207440,0,es,
174214,0,es,
120209,1,es,
99213,1,es,
26352,1,es,
16910,1,es,
85335,0,es,
38559,0,es,
665,0,es,
71681,0,es,
132136,1,es,
159779,0,es,
182050,0,es,
78286,1,es,
191189,1,es,
32158,0,es,
179012,0,es,
6365,0,es,
23639,1,es,
162408,0,es,
151144,0,es,
126254,0,es,
181989,1,es,
44563,0,es,
40460,1,es,
13685,0,es,
179674,0,es,
162906,0,es,
182218,0,es,
165602,0,es,
109031,1,es,
196660,1,es,
45099,1,es,
143614,1,es,
150727,0,es,
80526,1,es,
132562,0,es,
89829,1,es,
189752,1,es,
71002,0,es,
204537,1,es,
77772,0,es,
157488,0,es,
112566,1,es,
206676,0,es,
24103,0,es,
53081,1,es,
164458,0,es,
100767,0,es,
177772,1,es,
200720,1,es,
203972,1,es,
133127,0,es,
62157,0,es,
187249,1,es,
174431,1,es,
180361,1,es,
135357,1,es,
65383,1,es,
161164,1,es,
90337,0,es,
92640,0,es,
36769,1,es,
92770,1,es,
200821,1,es,
177059,1,es,
23182,1,es,
144079,1,es,
171760,1,es,
202509,0,es,
184716,1,es,
185129,0,es,
19549,1,es,
124367,1,es,
106460,1,es,
16091,0,es,
33865,1,es,
162596,0,es,
53843,0,es,
13015,1,es,
175653,0,es,
139130,1,es,
18231,1,es,
138636,1,es,
168457,1,es,
155843,0,es,
158091,0,es,
165581,1,es,
27103,0,es,
59549,1,es,
31090,0,es,
180511,0,es,
196579,1,es,
33873,1,es,
111547,0,es,
75184,1,es,
80051,1,es,
167987,0,es,
108230,1,es,
213133,0,es,
122964,0,es,
156126,1,es,
44957,0,es,
202413,1,es,
148733,0,es,
45209,0,es,
27717,1,es,
1751,1,es,
31760,1,es,
79672,1,es,
34884,1,es,
29311,0,es,
205351,0,es,
151203,1,es,
173753,0,es,
58423,1,es,
45736,1,es,
200997,1,es,
155914,0,es,
24146,1,es,
82306,0,es,
137475,0,es,
170366,1,es,
29833,0,es,
165479,0,es,
111709,1,es,
53954,1,es,
93919,0,es,
184815,0,es,
137983,1,es,
98382,0,es,
54252,0,es,
45544,0,es,
70999,0,es,
164767,1,es,
142618,1,es,
1790,1,es,
208980,0,es,
7762,1,es,
62413,1,es,
72593,1,es,
143896,1,es,
65416,1,es,
129275,1,es,
197977,0,es,
79702,1,es,
148033,0,es,
100939,0,es,
93326,0,es,
63234,0,es,
117604,0,es,
125429,1,es,
26486,0,es,
77271,1,es,
97025,0,es,
62626,1,es,
68301,0,es,
3970,0,es,
13293,0,es,
110336,0,es,
99237,1,es,
97969,0,es,
40009,1,es,
29464,0,es,
68627,0,es,
206104,1,es,
48406,1,es,
16703,1,es,
111838,1,es,
137744,1,es,
186455,0,es,
167932,1,es,
36444,1,es,
19443,0,es,
133182,0,es,
60147,1,es,
197526,1,es,
147779,1,es,
174122,0,es,
24003,0,es,
76939,1,es,
85290,0,es,
134197,1,es,
201801,0,es,
43211,0,es,
56930,0,es,
199396,0,es,
200008,0,es,
19293,1,es,
123846,0,es,
201472,1,es,
16788,1,es,
55128,1,es,
90412,0,es,
52971,1,es,
150192,1,es,
154786,1,es,
148715,1,es,
24908,1,es,
72020,1,es,
111784,1,es,
75422,1,es,
202875,1,es,
95358,1,es,
151733,1,es,
146116,0,es,
159598,1,es,
131532,1,es,
184324,0,es,
66611,0,es,
201288,0,es,
997,1,es,
173645,1,es,
80715,0,es,
145705,1,es,
141630,1,es,
123614,0,es,
102269,1,es,
178682,1,es,
150645,0,es,
160337,0,es,
134743,0,es,
166017,0,es,
105825,1,es,
190926,0,es,
56062,1,es,
44000,0,es,
169085,1,es,
205489,0,es,
55938,0,es,
12119,0,es,
212411,1,es,
174477,0,es,
98456,0,es,
64453,1,es,
49842,0,es,
59316,1,es,
72059,1,es,
200550,0,es,
78246,0,es,
46989,1,es,
4030,0,es,
54507,0,es,
146490,0,es,
73312,1,es,
146445,0,es,
167319,1,es,
172711,0,es,
49859,1,es,
121237,0,es,
211213,1,es,
211760,0,es,
33802,1,es,
189520,0,es,
206407,1,es,
151189,0,es,
191497,0,es,
160450,0,es,
173074,1,es,
191356,0,es,
91383,1,es,
96241,1,es,
101975,1,es,
200869,1,es,
60239,1,es,
177453,1,es,
51648,1,es,
40861,1,es,
189145,0,es,
63148,0,es,
57520,1,es,
175209,0,es,
122000,0,es,
35936,0,es,
166698,1,es,
28952,1,es,
92816,1,es,
94693,0,es,
192804,0,es,
114084,0,es,
109300,0,es,
50602,0,es,
166343,1,es,
6281,1,es,
111865,0,es,
204647,1,es,
119894,1,es,
141887,0,es,
72353,0,es,
136323,0,es,
133255,1,es,
180796,0,es,
195857,1,es,
13633,0,es,
10391,0,es,
76092,0,es,
73330,1,es,
62986,0,es,
146736,1,es,
178833,0,es,
194806,1,es,
8987,0,es,
182045,0,es,
115070,0,es,
5286,1,es,
121424,1,es,
47606,1,es,
92544,0,es,
102727,1,es,
145748,1,es,
368,1,es,
80450,1,es,
112525,1,es,
35739,1,es,
71951,0,es,
56250,0,es,
117432,0,es,
106709,1,es,
75110,1,es,
186780,0,es,
163939,1,es,
124246,0,es,
183340,0,es,
63065,0,es,
158009,1,es,
203201,0,es,
213402,1,es,
201691,0,es,
78475,1,es,
33735,0,es,
70739,1,es,
34922,0,es,
66775,0,es,
130680,1,es,
179927,1,es,
92167,1,es,
198904,0,es,
166927,0,es,
151109,0,es,
39876,0,es,
88618,0,es,
147381,1,es,
124939,0,es,
43500,0,es,
106802,1,es,
176874,1,es,
208860,1,es,
64456,0,es,
39237,1,es,
106049,0,es,
76616,0,es,
49984,1,es,
36216,0,es,
26617,0,es,
146319,1,es,
152687,1,es,
37219,1,es,
39996,1,es,
188624,0,es,
7145,1,es,
56471,0,es,
84722,1,es,
174352,0,es,
169,1,es,
112032,0,es,
151596,1,es,
94369,1,es,
155636,0,es,
16203,1,es,
159128,1,es,
180525,0,es,
87301,1,es,
133196,0,es,
189904,0,es,
51965,1,es,
48647,0,es,
20767,0,es,
175592,0,es,
87981,0,es,
28869,0,es,
59115,0,es,
183640,0,es,
43956,0,es,
27912,0,es,
207750,0,es,
168767,1,es,
79463,0,es,
140523,1,es,
33629,0,es,
128944,0,es,
141764,1,es,
94611,1,es,
119332,0,es,
210409,0,es,
163841,1,es,
167401,0,es,
194217,1,es,
206992,1,es,
178657,1,es,
117744,0,es,
139674,1,es,
51460,0,es,
156148,1,es,
45537,0,es,
44992,1,es,
9342,0,es,
165770,0,es,
192221,1,es,
19970,1,es,
200178,0,es,
161534,0,es,
192905,1,es,
21050,0,es,
193228,0,es,
59122,0,es,
114848,0,es,
26890,1,es,
100441,0,es,
86665,0,es,
202118,1,es,
209460,0,es,
210716,1,es,
185773,1,es,
23626,1,es,
2895,0,es,
204901,0,es,
152478,1,es,
944,0,es,
121898,0,es,
43848,1,es,
178492,1,es,
105439,0,es,
269,0,es,
146574,0,es,
198856,1,es,
93920,1,es,
193433,1,es,
14616,1,es,
71996,1,es,
44953,0,es,
47186,1,es,
38890,1,es,
